7
5
+1.46
-1.00
+18239398476321.00
-100000.00
+12345.67
2
+1.00
-1.00
50
+1.00
+1.00
+1.00
+1.00
+1.00
+1.00
+1.00
+1.00
+1.00
+1.00
+1.00
+1.00
+1.00
+1.00
+1.00
+1.00
+1.00
+1.00
+1.00
+1.00
+1.00
+1.00
+1.00
+1.00
+1.00
+1.00
+1.00
+1.00
+1.00
+1.00
+1.00
+1.00
+1.00
+1.00
+1.00
+1.00
+1.00
+1.00
+1.00
+1.00
+1.00
+1.00
+1.00
+1.00
+1.00
+1.00
+1.00
+1.00
+1.00
+1.00
4
+500.00
-500.00
+500.00
-500.00
4
+12345.67
-123.00
+12345.67
-123.00
4
+5.00
+5.00
+5.00
+5.00
4
+1111111.00
-1.00
-1.00
-1.00